Errs: 0.0 / 0.0
289 20
94 19
402 23
388 81
217 21
173 18
361 24
45 24
303 20
391 127
Errs: 0.1 / 0.0
261 21
371 22
30 18
23 21
129 21
289 21
118 21
340 24
121 22
377 21
Errs: 0.2 / 0.0
43 23
55 23
338 24
249 19
96 22
228 26
227 25
353 20
296 21
246 21
Errs: 0.3 / 0.0
324 29
422 95
411 26
272 25
551 83
370 30
84 26
266 51
214 24
740 390
Errs: 0.4 / 0.0
122 49
557 166
386 150
464 226
430 238
285 93
336 106
488 133
87 42
188 83
Errs: 0.5 / 0.0
176 61
279 197
276 134
545 336
561 281
466 214
712 481
645 427
578 287
493 283
Errs: 0.0 / 0.2
318 24
363 20
249 21
117 21
188 24
207 25
304 25
309 21
131 27
396 23
Errs: 0.0 / 0.4
342 25
325 28
465 27
420 28
215 32
526 147
286 48
401 34
50 26
253 29
Errs: 0.0 / 0.6
450 25
85 27
450 47
376 44
300 26
196 32
413 28
577 114
152 62
254 98
Errs: 0.0 / 0.8
399 91
216 59
781 438
207 67
303 141
577 90
551 254
514 289
614 131
705 257
Errs: 0.0 / 1.0
581 122
652 176
697 527
660 211
579 107
735 470
247 108
694 430
719 411
390 105
Errs: 0.1 / 0.1
301 20
43 20
323 27
287 21
34 21
397 29
53 21
379 22
218 23
198 27
Errs: 0.2 / 0.2
101 25
42 29
341 54
347 21
283 24
277 24
152 24
368 27
394 26
323 21
Errs: 0.3 / 0.3
137 31
222 28
216 26
92 26
483 168
157 27
451 118
464 29
253 26
405 32
Errs: 0.4 / 0.4
374 55
478 142
221 53
333 122
342 90
353 98
464 35
559 187
563 283
581 278
Errs: 0.5 / 0.5
641 346
557 325
655 473
708 522
599 223
601 384
712 518
669 234
625 465
246 135
