Num: 1 (test_feed_exp1.txt)
580 27
654 197
319 41
843 223
515 121
753 423
584 201
463 117
738 456
822 488
Num: 2 (test_feed_exp2.txt)
550 289
330 107
343 75
184 38
774 192
190 53
128 35
683 315
353 73
704 150
Num: 3 (test_feed_exp3.txt)
140 38
682 323
321 74
642 223
186 35
483 192
176 37
633 288
697 284
213 80
Num: 4 (test_feed_exp4.txt)
616 216
392 90
114 42
207 49
640 261
171 35
515 183
347 70
120 45
124 39
Num: 5 (test_feed_exp5.txt)
392 172
429 200
214 46
274 77
244 70
437 173
711 295
688 267
277 112
417 137
Num: 6 (test_feed_exp6.txt)
712 279
220 84
211 52
121 45
475 156
119 42
122 44
166 63
703 326
154 53
