100 particles
84 40
691 503
633 523
417 340
506 311
98 62
747 606
494 395
241 178
405 306
250 particles
266 142
397 342
72 19
418 255
484 352
68 28
413 175
421 266
389 247
512 414
500 particles
438 143
207 64
28 20
431 312
119 41
325 64
280 19
445 327
456 257
69 21
1000 particles
65 21
106 24
447 23
30 22
142 26
428 165
382 25
337 21
52 20
413 232
1500 particles
189 22
345 22
70 20
268 21
47 22
417 42
173 28
53 25
336 22
422 233
2000 particles
163 19
178 27
57 21
418 61
279 25
301 27
236 23
378 25
84 29
186 23
2500 particles
183 27
394 24
90 25
194 24
350 25
400 25
368 25
254 22
109 27
84 21
3000 particles
364 26
87 27
312 32
55 26
297 27
176 23
365 28
189 22
402 53
145 25
3500 particles
65 23
247 23
248 27
321 26
185 27
422 27
329 25
246 30
41 25
393 55
4000 particles
256 26
132 26
51 30
212 24
347 31
410 27
112 26
143 29
88 24
319 28
4500 particles
301 35
400 25
319 29
346 25
417 27
264 25
188 22
298 32
276 24
224 24
5000 particles
67 24
263 30
213 24
419 32
334 29
220 30
320 28
369 29
271 26
378 30
